12 0.5570157355871642 0.21381545042259323 0.1760805332233904 0.14816532673675525
14 0.46145983645983646 0.24618635332921046 0.07429739572596716 0.09115388579674291
5 0.46940493369064795 0.31801432694289833 0.10564831993403417 0.07376056483199339
9 0.7863498934927506 0.4318761595547309 0.21645021645021645 0.1075809111523397
44 0.6605167319453034 0.4188311688311688 0.04294647151789999 0.09179808286951141
36 0.516216587645159 0.6201427540713254 0.19154126296983442 0.140112863327149
0 0.40734728234728235 0.5813298804370233 0.040799147942005065 0.0779478458049887
16 0.3822235965093108 0.5665133477633477 0.04724111866969011 0.07279426922284071
42 0.2383529169243455 0.6307720057720057 0.1468769325912183 0.10597041847041833
22 0.21945646945646946 0.6918096784168213 0.1365697794269223 0.05604514533085958
24 0.26316276316276316 0.3629842379842379 0.14106264106264108 0.07978132978132979
26 0.18430643430643429 0.3636779886779886 0.019425019425019424 0.07596570096570099
19 0.15644078144078144 0.3646318958818958 0.03723128723128724 0.07301726051726054
