6 0.07533131176999101 0.39455425776180497 0.14506588799041628 0.1366427073974244
48 0.181790955375861 0.2819332135369871 0.12120020964360584 0.15348906858340822
27 0.3434692273135669 0.30751472496755516 0.12728361784965558 0.10856543875411795
40 0.5549846510931417 0.25697564140960366 0.13196316262354002 0.116052710392333
2 0.4569481880802635 0.4806578816012778 0.08844339622641506 0.1740790655884995
15 0.2955038933812518 0.541491963661775 0.09125112309074568 0.17470300489168417
47 0.08866801437556156 0.5889113507038035 0.10061021263851452 0.17595088349805332
10 0.2529200359389039 0.7486398123190576 0.16050838574423482 0.19092542677448343
18 0.42863694219826287 0.7302336028751124 0.1366427073974244 0.20527603074772893
28 0.5463274932614555 0.7221223919337127 0.10248203054806837 0.19154936607766804
17 0.6141808924827794 0.44602925027453333 0.13243111710092836 0.19841269841269843
31 0.7136212189278227 0.6787586103623839 0.10482180293501053 0.1871817909553759
19 0.81937893081761 0.7926275331935709 0.10201407607067992 0.19654088050314455
34 0.7917696166516921 0.3833233503044824 0.10856543875411795 0.19279724468403714
48 0.9326239143456124 0.3730283518019367 0.09452680443246475 0.16721573325346917
