4 0.4730050750458914 0.056355280207321036 0.10932944606413991 0.09971250404923875
25 0.3150847640643559 0.06521298995788793 0.1795162509448225 0.10021865889212828
21 0.6208022891696361 0.0591391318432135 0.17276751970629523 0.09515711046323291
26 0.8232642263254508 0.07786686103012636 0.17141777345858988 0.09313249109167476
29 0.7692743764172336 0.1679624230644639 0.16466904222006262 0.09009556203433755
17 0.5644503833279344 0.15125931324910918 0.1693931540870316 0.09616942014901199
0 0.32622017060792574 0.1664439585357953 0.17344239283014798 0.08503401360544217
1 0.344441744951949 0.25653952057013285 0.1707429003347371 0.0799724651765468
24 0.31002321563546054 0.34081430191124074 0.18559010905949683 0.10173712342079694
31 0.591445308282043 0.3299319727891157 0.17884137782096976 0.10325558794946549
37 0.7655625742360437 0.2626133786848073 0.17614188532555874 0.110341755749919
7 0.8802910052910053 0.35422740524781343 0.1693931540870316 0.0941448007774538
45 0.6913265306122449 0.4420452704891481 0.17884137782096976 0.09768788467768058
11 0.490551776266062 0.46178530936184 0.17411726595400057 0.08857709750566889
48 0.298212935968038 0.4805130385487528 0.18221574344023334 0.09870019436345956
48 0.26683133570888673 0.5946509556203434 0.17479213907785346 0.0911078717201167
42 0.47030558255048055 0.5642816650469712 0.19976244466040394 0.11945254292193064
44 0.7132599071374581 0.5445416261742793 0.17411726595400057 0.09009556203433755
38 0.87522945686211 0.48329689018464533 0.12822589353201608 0.13261256883705863
33 0.6822157434402334 0.6460256721736314 0.18491523593564418 0.10274943310657592
36 0.27864161537630927 0.7257450599287334 0.20246193715581473 0.110341755749919
23 0.5701868048806824 0.7343496922578556 0.19436345966958213 0.10528020732102361
32 0.47840406003671315 0.8553206997084548 0.16601878846776807 0.1427356656948494
34 0.2816785444336465 0.826722951085196 0.20448655652737285 0.11084791059280863
