16 0.11452448210922798 0.0950300141242938 0.22657721280602636 0.0971045197740113
20 0.12923728813559332 0.16013418079096045 0.2442325800376648 0.07282838983050847
24 0.15068855932203395 0.24289371468926552 0.3013771186440679 0.18758827683615817
22 0.12346986817325806 0.5568282132768362 0.24693973634651611 0.23945091807909608
23 0.1932379943502826 0.461378884180791 0.14565677966101698 0.11696680790960451
21 0.22854872881355942 0.42606814971751417 0.17802495291902073 0.13903601694915252
13 0.3381591337099813 0.8028998940677966 0.19420903954802263 0.08938029661016955
1 0.3308027306967986 0.9237067443502824 0.25894538606403017 0.15223340395480223
11 0.6552201035781546 0.8972457627118644 0.1721398305084746 0.2030367231638418
8 0.7059792843691151 0.9054996468926554 0.2206920903954802 0.18864759887005644
26 0.868555790960452 0.6296566031073446 0.25453154425612035 0.13793255649717517
30 0.8808262711864407 0.5121380649717514 0.23787664783427487 0.09931144067796605
34 0.8793549905838043 0.4469301996120073 0.2408192090395479 0.20945008848955138
25 0.8756767890772128 0.2153072033898305 0.24817561205273064 0.1875882768361582
46 0.8553142655367233 0.1176509533898305 0.09563323917137478 0.06510416666666667
38 0.9207862523540491 0.1292372881355932 0.10593220338983034 0.057379943502824854
18 0.6552201035781545 0.5176553672316384 0.16036958568738235 0.07944915254237284
12 0.5838629943502827 0.43489583333333337 0.13241525423728817 0.05517302259887008
