42 0.2336982109227873 0.1915828036723164 0.211864406779661 0.14013947740112997
17 0.21751412429378542 0.3736537782485876 0.2854284369114878 0.27917549435028244
33 0.2697445856873824 0.5121380649717514 0.28689971751412424 0.2891066384180791
3 0.3756767890772129 0.64013947740113 0.2280484934086629 0.28910663841807904
25 0.4426200564971753 0.770899540960452 0.2677730696798493 0.29241701977401124
1 0.7574741054613937 0.7686926200564972 0.253060263653484 0.29462394067796605
14 0.769244350282486 0.5491039901129944 0.2766007532956686 0.1776571327683616
32 0.7648305084745763 0.4117231638418079 0.2354048964218456 0.14124293785310738
4 0.7537959039548023 0.3008253884180791 0.22804849340866296 0.08938029661016944
11 0.6934733992467044 0.2892390536723164 0.26041666666666663 0.26924435028248583
