31 0.17116878531073457 0.2649629237288136 0.3369232580037665 0.15669138418079093
35 0.22192796610169502 0.2986184675141243 0.3560499058380414 0.08055261299435024
39 0.22781308851224116 0.3609639830508474 0.34722222222222227 0.05958686440677968
43 0.22560616760828636 0.44482697740113 0.35752118644067793 0.17213983050847453
40 0.6817031544256122 0.5281382415254238 0.3516360640301318 0.19751942090395486
47 0.8840042372881357 0.54248322740113 0.10004708097928439 0.08717337570621464
3 0.7729225517890773 0.6478637005649717 0.2574741054613936 0.14344985875706218
46 0.2918137947269304 0.6285531426553672 0.3457509416195857 0.10482874293785316
45 0.2984345574387948 0.6848296257062148 0.3207391713747646 0.12689795197740106
44 0.2557674199623353 0.7686926200564972 0.37664783427495296 0.2217955508474576
