32 0.5199025083284342 0.07693084950029394 0.16656868508720363 0.1483502351557907
34 0.7115789731530472 0.09713955026455026 0.2033117773858515 0.11160714285714285
36 0.7164780521262002 0.19841269841269837 0.20331177738585138 0.10931069958847736
23 0.41365373309817755 0.2007091416813639 0.18432784636488342 0.10288065843621397
33 0.3107730746619636 0.29004078483245144 0.1831030766215951 0.09782848324514987
48 0.7379115226337448 0.334591784244562 0.18494023123652759 0.08680555555555558
44 0.28290956300215564 0.393151087595532 0.16779345483049185 0.08818342151675485
42 0.5180653537135018 0.37041629923574365 0.20331177738585143 0.1198743386243386
48 0.7063737017440721 0.4583700764256319 0.19045169508132465 0.10931069958847733
11 0.5036743092298648 0.47375624632569074 0.17330491867528902 0.0913984420928865
45 0.29576964530668237 0.49763925631981176 0.1702429943170684 0.09415417401528509
38 0.1270576131687243 0.45745149911816574 0.10349304330785813 0.1304379776602
7 0.1374681559866745 0.5858226778365667 0.12186458945718207 0.09782848324514992
31 0.3937512247697433 0.6115428424456202 0.18738977072310403 0.1116071428571429
24 0.6965755437977661 0.6058017342739564 0.20024985302763076 0.1157407407407407
1 0.6573829120125416 0.6999559082892417 0.18677738585145998 0.0955320399764844
0 0.6769792279051539 0.7945693709582597 0.18677738585145987 0.0955320399764844
37 0.21830295904369978 0.6792879188712522 0.1794287673917304 0.10012492651381533
29 0.21003576327650403 0.7791832010582009 0.17759161277679802 0.09599132863021753
17 0.420696159122085 0.8003104791299236 0.18126592200666275 0.10885141093474415
25 0.6812659220066627 0.9068654467960022 0.20882324123064855 0.12446722516166964
26 0.15737066431510877 0.8721891534391535 0.16411914560062707 0.09185773074661963
21 0.35517097785616303 0.9025022045855378 0.18494023123652753 0.10839212228101125
4 0.513778659611993 0.9243184156378601 0.12370174407211448 0.14375734861845968
