1 0.15818759936406993 0.45997739900178924 0.16229464758876522 0.24719841793012526
6 0.5629305776364599 0.7966381015161503 0.1583200847906731 0.3531405970430358
40 0.4844329623741388 0.5217770034843205 0.1722310545839958 0.23424992937188066
47 0.6974032856385799 0.5141256238817214 0.18084260731319557 0.2895752895752896
8 0.550344462109168 0.4158348243714098 0.14772125066242708 0.20364441096148422
13 0.6728934817170111 0.29753272436199263 0.12254901960784315 0.1883416517562859
36 0.5582935877053524 0.23043601092381577 0.11459989401165882 0.15538186269893584
23 0.44899311075781656 0.25221301440813637 0.13182299947005832 0.17774743384499483
15 0.6228802331743508 0.1392080233543648 0.11923688394276621 0.13772483284678405
45 0.4980127186009539 0.0944768810622469 0.1172496025437203 0.13537056219983049
