38 0.7046899841017489 0.8131179960448253 0.21926338102808696 0.3625576796308503
18 0.6401033386327504 0.6659760806102271 0.18150503444621102 0.26838685375270743
19 0.5897588765235824 0.6100621527450796 0.15235824059353476 0.2766268010170449
1 0.5211976682564918 0.6071193144363876 0.12519872813990462 0.30370091345701095
2 0.41454689984101745 0.5400226009982108 0.12652358240593536 0.17186175722761088
1 0.33704292527821933 0.6253649119502779 0.1967408585055644 0.22483284678406634
20 0.3009406465288818 0.8396035408230531 0.24509803921568626 0.30723231942744145
41 0.5404080551139374 0.23691025520293812 0.20601483836777956 0.2860438836048592
37 0.4870826709062003 0.16157359450042377 0.09936406995230529 0.24602128260664852
5 0.40593534711181767 0.18511630096995949 0.06955484896661368 0.29310669554571994
24 0.36254636989931105 0.17569921838214522 0.07021727609962902 0.3072323194274414
14 0.2929915209326974 0.23455598455598453 0.12453630100688923 0.3166494020152557
