40 0.2744279529993816 0.27871830550401977 0.2138734281591425 0.115633374561946
25 0.3927454820311963 0.2666396103896103 0.049388442245585085 0.09727375798804369
43 0.4335446299732014 0.2560103586889301 0.0605545248402391 0.09920634920634919
4 0.7380351130351129 0.2943400845186559 0.1292688792688792 0.05668934240362811
13 0.6995980210265924 0.367778550814265 0.19755376898234045 0.10951350237064522
39 0.6289510753796468 0.54622113997114 0.1825225039510754 0.09598536384250678
6 0.7397529718958291 0.5510526180169038 0.03908128908128916 0.0914759843331272
37 0.27249536178107603 0.7024389301175016 0.1997010925582354 0.12239744382601525
17 0.41013880299594585 0.7230532364460935 0.04638218923933213 0.09598536384250678
8 0.6585841407269979 0.7886002886002885 0.10178313749742318 0.06152082044939189
38 0.5254500790215076 0.8828141104926819 0.11294922009207725 0.15203050917336647
18 0.6549336906479764 0.8568851783137497 0.10393046107331816 0.0724721706864565
