8 0.4311596967846968 0.2154637896825397 0.20032051282051277 0.1118456196581197
17 0.5448336385836385 0.20854796245421245 0.034022690272690226 0.09849091880341881
10 0.5777434371184371 0.20497081043956042 0.034976597476597426 0.09801396520146516
45 0.8235335266585266 0.2222603785103785 0.16661579161579154 0.07488171550671552
2 0.8602589540089539 0.29785752442002444 0.08298992673992656 0.07583562271062266
23 0.797778032153032 0.35544967185592186 0.19141737891737898 0.11995383089133094
0 0.6884920634920635 0.5078718081435473 0.16476880607315392 0.12379227053140096
36 0.5658500115021854 0.49115769496204276 0.044283413848631326 0.09640269151138714
4 0.27828221684153887 0.6107664110842077 0.23260245717872838 0.13115415657788532
14 0.3550690521029504 0.5544373822975517 0.12162586315128687 0.06557707828894266
44 0.3690812483185365 0.4981083535108959 0.11041610617881809 0.06221415119720208
1 0.47144059644059644 0.82747113997114 0.1944043610710277 0.11799543049543049
9 0.5861792528459195 0.8214586339586339 0.04208754208754206 0.09244227994227994
