12 0.18429038281979457 0.12807345160286338 0.2591036414565826 0.18362900715841893
19 0.47665732959850604 0.1584189231248055 0.23459383753501395 0.1882975412387177
21 0.7824463118580767 0.33037659508247746 0.2275910364145658 0.18674136321195145
15 0.49474789915966383 0.3708372237784003 0.23342670401493928 0.18674136321195145
13 0.20588235294117646 0.37784002489884844 0.24859943977591037 0.1851851851851852
4 0.2158029878618114 0.6283846872082167 0.26143790849673204 0.19452225334578283
27 0.5221755368814192 0.5988173046996577 0.24159663865546213 0.2007469654528478
43 0.8104575163398693 0.5684718331777155 0.27194211017740444 0.2240896358543417
38 0.23960867802108682 0.894561157796452 0.2646982150524444 0.21022408963585432
6 0.5542717086834734 0.8641456582633055 0.24509803921568632 0.21786492374727665
9 0.8192110177404296 0.8089013383131031 0.24743230625583582 0.21008403361344546
