14 0.11601307189542484 0.22579656862745104 0.2062908496732026 0.23590686274509803
25 0.3417075163398693 0.2158394607843138 0.1919934640522876 0.234375
7 0.5939542483660131 0.2081801470588236 0.1940359477124183 0.24050245098039216
11 0.8206699346405228 0.20128676470588241 0.20220588235294118 0.23590686274509803
2 0.14256535947712418 0.49234068627450983 0.21037581699346405 0.2328431372549019
23 0.3672385620915033 0.4808517156862745 0.18586601307189543 0.23437499999999994
33 0.6000816993464052 0.4731924019607843 0.18178104575163398 0.22518382352941171
40 0.8257761437908496 0.47702205882352944 0.18790849673202614 0.2328431372549019
3 0.14767156862745098 0.7634803921568627 0.20016339869281047 0.23897058823529413
30 0.3631535947712418 0.7558210784313726 0.20220588235294118 0.23590686274509803
42 0.590890522875817 0.7504595588235294 0.19607843137254902 0.234375
35 0.8206699346405228 0.7389705882352942 0.18586601307189543 0.23284313725490197
