48 0.27124183006535946 0.1055088702147526 0.24159663865546213 0.19452225334578277
18 0.5151727357609711 0.11017740429505138 0.21358543417366943 0.18207282913165265
10 0.7427637721755369 0.11640211640211642 0.2019140989729225 0.16339869281045752
0 0.27824463118580767 0.310146280734516 0.21825396825396823 0.17429193899782136
26 0.5227591036414566 0.29925303454715224 0.20774976657329605 0.16184251478369127
29 0.7532679738562091 0.30158730158730157 0.2042483660130718 0.16028633675692497
37 0.2887488328664799 0.535792094615624 0.22525676937441644 0.1680672268907563
17 0.5320961718020543 0.5147836912542796 0.2170868347338935 0.16962340491752256
24 0.7713585434173669 0.4984438219732338 0.21008403361344533 0.1649548708372238
39 0.29108309990662934 0.73109243697479 0.23225957049486456 0.17584811702458752
5 0.5396825396825397 0.7116402116402116 0.21825396825396817 0.16806722689075634
45 0.7853641456582633 0.6867413632119514 0.21708683473389345 0.1649548708372237
8 0.7935340802987862 0.8874883286647993 0.2217553688141923 0.18051665110488638
46 0.543591757091186 0.907788671023965 0.2301573703915224 0.18376906318082795
16 0.2905116456662848 0.9241285403050108 0.23597971834782017 0.15108932461873642
