20 0.22805788982259567 0.13274198568316217 0.2299253034547152 0.19607843137254902
44 0.4842436974789916 0.1381886087768441 0.22175536881419247 0.20074696545284781
32 0.7719421101774043 0.1311858076563959 0.2135854341736695 0.18362900715841893
34 0.21988795518207283 0.4042950513538749 0.2299253034547152 0.19140989729225022
48 0.4906629318394024 0.40585122938064117 0.2485994397759104 0.21942110177404295
22 0.7672735760971056 0.3755057578586991 0.22058823529411764 0.16806722689075634
47 0.7876984126984127 0.5840336134453782 0.22642390289449135 0.17740429505135397
1 0.5058356676003735 0.647836912542795 0.21591970121381898 0.1680672268907563
36 0.23506069094304388 0.6595082477435419 0.2369281045751634 0.1851851851851852
41 0.2484827264239029 0.8944911297852475 0.2334267040149393 0.17896047307812016
28 0.5245098039215687 0.8781512605042018 0.23926237161531294 0.1898537192654839
31 0.7917833800186741 0.8104575163398693 0.2229225023342672 0.19140989729225025
