43 0.09859913793103445 0.1695402298850575 0.23653017241379307 0.1695402298850575 0.23653017241379307 0.4295977011494253 0.09859913793103445 0.4295977011494253
15 0.22144396551724135 0.10201149425287358 0.3938577586206896 0.10201149425287358 0.3938577586206896 0.375 0.22144396551724135 0.375
12 0.40140086206896547 0.10057471264367818 0.5457974137931034 0.10057471264367818 0.5457974137931034 0.382183908045977 0.40140086206896547 0.382183908045977
4 0.5468749999999999 0.04597701149425288 0.6945043103448276 0.04597701149425288 0.6945043103448276 0.35201149425287354 0.5468749999999999 0.35201149425287354
22 0.732219827586207 0.005747126436781609 0.8970905172413793 0.005747126436781609 0.8970905172413793 0.33045977011494254 0.732219827586207 0.33045977011494254
41 0.10183189655172409 0.4454022988505747 0.22575431034482754 0.4454022988505747 0.22575431034482754 0.7112068965517241 0.10183189655172409 0.7112068965517241
13 0.22790948275862064 0.4640804597701149 0.3561422413793103 0.4640804597701149 0.3561422413793103 0.7313218390804598 0.22790948275862064 0.7313218390804598
14 0.3690732758620689 0.40660919540229884 0.5360991379310345 0.40660919540229884 0.5360991379310345 0.7040229885057472 0.3690732758620689 0.7040229885057472
7 0.5447198275862069 0.39655172413793105 0.6977370689655173 0.39655172413793105 0.6977370689655173 0.6824712643678161 0.5447198275862069 0.6824712643678161
20 0.7052801724137931 0.3635057471264368 0.8798491379310346 0.3635057471264368 0.8798491379310346 0.6623563218390806 0.7052801724137931 0.6623563218390806
