47 0.47670583384869103 0.3352465986394557 0.19068233353947633 0.11531127602556174
3 0.5707586064728922 0.30609668109668103 0.05497148354291215 0.08471191506905795
7 0.6042568542568543 0.31028396206967634 0.04981790696076416 0.0821351267779839
21 0.7807668521954236 0.272598433312719 0.15288943860372417 0.0505694702123273
27 0.7900003435717721 0.3378233869305297 0.14902425616711334 0.07988043702329417
45 0.8026695526695526 0.5186817151102865 0.09791795506081225 0.06925118532261398
46 0.8177008177008177 0.5942138218923932 0.10049474335188613 0.07988043702329417
23 0.7017453446024875 0.6243300350443206 0.09877688449117028 0.13367089259946396
11 0.2336288050573765 0.5209364048649763 0.21730914588057448 0.12271954236239946
20 0.40498522641379786 0.5370413316841888 0.05153576582148017 0.08728870336013195
10 0.34915481344052773 0.5450937950937951 0.0592661306947021 0.0860003092145949
15 0.3583883048168762 0.7573567305710163 0.1936885865457294 0.09050968872397447
2 0.4786384250669965 0.7559072871572871 0.041658077372363156 0.08954339311482173
41 0.6083367690510548 0.8639713461142032 0.16190819762248332 0.10403782725211297
1 0.714844018415447 0.8464169758812615 0.04938844224558525 0.08438981653267374
