48 0.7025462962962965 0.08829365079365084 0.27943121693121686 0.1450892857142857
48 0.2544642857142858 0.13355654761904767 0.30919312169312163 0.14880952380952378
35 0.28422619047619063 0.31212797619047616 0.29265873015873 0.14384920634920623
39 0.3090277777777779 0.513640873015873 0.3125 0.13516865079365076
43 0.30985449735449744 0.7033730158730158 0.28108465608465594 0.1351686507936507
47 0.3214285714285715 0.8825644841269841 0.29100529100529093 0.14632936507936511
19 0.6975859788359791 0.291046626984127 0.2959656084656085 0.14136904761904756
23 0.7141203703703705 0.49069940476190477 0.28935185185185186 0.12896825396825395
27 0.7157738095238095 0.6785714285714285 0.2860449735449736 0.12524801587301582
31 0.6975859788359788 0.8509424603174602 0.25958994708994687 0.1351686507936508
