8 0.31243799603174605 0.13640873015873017 0.12710813492063489 0.1224578373015873
3 0.6059234457671958 0.13757130456349206 0.1829117063492064 0.10153149801587302
39 0.44626322751322756 0.20887586805555552 0.13434193121693122 0.10928199404761904
10 0.7707506613756614 0.2732049851190476 0.1798115079365079 0.09843129960317462
12 0.5682043650793651 0.3169952876984127 0.16741071428571425 0.08680555555555552
22 0.377025462962963 0.3038194444444444 0.16741071428571425 0.08835565476190477
46 0.35274057539682546 0.4123263888888889 0.16017691798941797 0.08060515873015872
19 0.5614872685185186 0.40535094246031744 0.16017691798941802 0.08835565476190477
48 0.7728174603174602 0.38287450396825395 0.1632771164021164 0.08060515873015872
6 0.8002025462962963 0.47355530753968256 0.17257771164021163 0.07595486111111116
14 0.5806051587301587 0.5154079861111112 0.1591435185185186 0.07905505952380959
15 0.3961433531746032 0.5084325396825397 0.18291170634920628 0.10075644841269837
9 0.2194320436507937 0.5956256200396826 0.16224371693121692 0.08603050595238093
2 0.43127893518518523 0.6107390873015873 0.16431051587301587 0.08680555555555558
13 0.5940393518518519 0.6165519593253969 0.1632771164021164 0.08603050595238093
27 0.795035548941799 0.5905877976190477 0.1705109126984128 0.0837053571428571
20 0.790901951058201 0.6886315724206349 0.17671130952380953 0.08913070436507942
18 0.6023065476190477 0.7049076140873016 0.16947751322751314 0.09378100198412698
5 0.42662863756613756 0.7056826636904763 0.16741071428571425 0.08758060515873012
40 0.25250082671957674 0.7087828621031746 0.18084490740740736 0.10928199404761896
47 0.25405092592592593 0.813414558531746 0.1570767195767196 0.08448040674603174
43 0.435412533068783 0.8037264384920635 0.17257771164021157 0.08525545634920628
30 0.6271081349206349 0.7948133680555556 0.17361111111111105 0.08758060515873012
41 0.8162202380952381 0.8076016865079365 0.17774470899470896 0.09300595238095233
16 0.8224206349206349 0.8998325892857143 0.1756779100529101 0.08990575396825395
28 0.6431258267195767 0.8874317956349207 0.16637731481481477 0.08835565476190477
35 0.4503968253968254 0.8932446676587301 0.1591435185185185 0.09378100198412698
48 0.261801421957672 0.9145585317460317 0.1622437169312169 0.08990575396825395
23 0.1352099867724868 0.19453745039682538 0.10127314814814814 0.12090773809523808
