24 0.2565104166666667 0.16956018518518517 0.22048611111111108 0.20717592592592593
20 0.3116319444444444 0.26099537037037035 0.23350694444444442 0.2418981481481481
41 0.5143229166666667 0.19849537037037035 0.2222222222222222 0.24189814814814814
1 0.7634548611111112 0.25810185185185186 0.22916666666666685 0.22222222222222224
46 0.5894097222222223 0.31192129629629634 0.15711805555555547 0.30439814814814814
25 0.4978298611111111 0.44039351851851855 0.15798611111111105 0.28587962962962965
14 0.8493923611111112 0.5063657407407407 0.27083333333333315 0.28819444444444436
18 0.6870659722222223 0.5891203703703703 0.22222222222222243 0.2662037037037037
10 0.4357638888888889 0.6325231481481481 0.17274305555555547 0.30208333333333337
5 0.33203125000000006 0.4652777777777778 0.1371527777777778 0.27314814814814814
42 0.17100694444444445 0.4629629629629629 0.14149305555555552 0.2800925925925925
