25 0.4201388888888889 0.1701388888888889 0.1605902777777778 0.30092592592592593
40 0.5464409722222222 0.23032407407407407 0.171875 0.30092592592592593
47 0.7109375000000001 0.2482638888888889 0.22482638888888884 0.19560185185185186
20 0.9014756944444446 0.2534722222222222 0.1753472222222222 0.29861111111111105
14 0.7235243055555556 0.41956018518518523 0.24826388888888895 0.22569444444444448
24 0.8311631944444444 0.6429398148148148 0.16145833333333348 0.3043981481481481
23 0.69140625 0.78125 0.24479166666666685 0.337962962962963
27 0.5568576388888888 0.5434027777777778 0.18055555555555547 0.29976851851851855
17 0.3615451388888889 0.46469907407407407 0.2274305555555555 0.32523148148148157
6 0.34765625000000006 0.7673611111111112 0.1684027777777778 0.30787037037037046
46 0.15364583333333334 0.5613425925925926 0.17274305555555558 0.3148148148148148
