47 0.23070987654320976 0.2482638888888889 0.22222222222222227 0.21643518518518515
27 0.6512345679012346 0.08564814814814814 0.27314814814814825 0.09027777777777778
3 0.6790123456790123 0.20370370370370372 0.257716049382716 0.1550925925925926
11 0.24614197530864196 0.4745370370370371 0.21296296296296305 0.20833333333333331
13 0.2893518518518518 0.6284722222222221 0.3179012345679013 0.10416666666666663
0 0.27546296296296297 0.7251157407407406 0.3703703703703703 0.17013888888888884
38 0.6782407407407407 0.359375 0.3271604938271605 0.12152777777777773
23 0.691358024691358 0.4664351851851851 0.3256172839506173 0.15740740740740738
2 0.6990740740740741 0.6655092592592592 0.3317901234567904 0.15509259259259256
26 0.6782407407407407 0.7986111111111109 0.30555555555555547 0.13888888888888895
16 0.6536563051146385 0.9267708333333333 0.30885582010582036 0.1452083333333335
