16 0.7052469135802468 0.21874999999999997 0.22993827160493852 0.10416666666666669
26 0.699074074074074 0.3194444444444444 0.2515432098765431 0.10879629629629634
0 0.6481481481481481 0.4282407407407407 0.25462962962962965 0.12268518518518517
45 0.6550925925925926 0.5891203703703702 0.22222222222222232 0.12037037037037035
7 0.6898148148148147 0.6927083333333333 0.23611111111111105 0.09143518518518523
11 0.24768518518518512 0.32638888888888884 0.25308641975308643 0.1111111111111111
43 0.28240740740740744 0.4386574074074074 0.2175925925925926 0.12731481481481477
13 0.33796296296296297 0.5723379629629629 0.23919753086419748 0.10069444444444442
21 0.3209876543209876 0.6695601851851851 0.2669753086419754 0.10995370370370372
17 0.2746913580246913 0.8379629629629629 0.2577160493827161 0.125
47 0.4629629629629629 0.8344907407407407 0.1867283950617285 0.1435185185185185
