39 0.21354166666666669 0.27141203703703703 0.20225694444444453 0.36458333333333337
46 0.39626736111111116 0.2528935185185185 0.2152777777777779 0.38541666666666663
17 0.5551215277777777 0.39583333333333337 0.24652777777777757 0.34490740740740744
14 0.6801215277777779 0.2638888888888889 0.1788194444444443 0.38425925925925924
3 0.8650173611111112 0.36400462962962965 0.171875 0.37152777777777773
6 0.7690972222222223 0.5063657407407407 0.28211805555555547 0.3599537037037037
26 0.8172743055555556 0.7638888888888888 0.21701388888888884 0.35416666666666685
27 0.5394965277777779 0.7060185185185185 0.23958333333333337 0.3842592592592593
15 0.37065972222222227 0.638888888888889 0.2821180555555557 0.4143518518518519
13 0.16189236111111113 0.6273148148148149 0.20833333333333331 0.3842592592592594
