21 0.19618055555555552 0.5023148148148149 0.1605902777777778 0.2800925925925926
41 0.2855902777777778 0.3055555555555556 0.1692708333333333 0.28935185185185186
42 0.4322916666666667 0.1990740740740741 0.15364583333333337 0.3263888888888889
5 0.6046006944444445 0.21643518518518517 0.23437500000000006 0.3402777777777778
22 0.7235243055555556 0.32002314814814814 0.17708333333333337 0.3599537037037037
0 0.8441840277777779 0.31655092592592593 0.21701388888888884 0.34375
16 0.7717013888888888 0.636574074074074 0.1640625 0.3402777777777778
37 0.6015625000000001 0.5798611111111112 0.16579861111111116 0.30787037037037035
10 0.47309027777777785 0.5086805555555556 0.1675347222222222 0.31365740740740733
18 0.3446180555555556 0.6012731481481481 0.17968750000000006 0.31828703703703703
