14 0.4769965277777778 0.15625 0.21875 0.19212962962962965
3 0.7348090277777778 0.2332175925925926 0.19270833333333348 0.30902777777777773
2 0.7148437500000001 0.3935185185185185 0.23263888888888884 0.3125
47 0.8967013888888888 0.6099537037037037 0.17100694444444464 0.3148148148148149
38 0.796875 0.8125 0.2612847222222223 0.3125
45 0.6510416666666667 0.640625 0.1553819444444443 0.33912037037037035
4 0.515625 0.41203703703703703 0.15538194444444442 0.30092592592592593
23 0.41623263888888895 0.6643518518518519 0.2534722222222223 0.3217592592592593
21 0.32986111111111116 0.4756944444444444 0.2526041666666667 0.3148148148148148
40 0.24522569444444442 0.5896990740740741 0.18055555555555558 0.357638888888889
20 0.1293402777777778 0.4907407407407407 0.1796875 0.31944444444444436
