10 0.16710069444444445 0.3055555555555555 0.19618055555555552 0.35416666666666663
45 0.3784722222222222 0.27314814814814814 0.20399305555555564 0.3657407407407407
18 0.5013020833333333 0.28935185185185186 0.19618055555555547 0.3958333333333333
41 0.5729166666666667 0.19212962962962962 0.15885416666666663 0.3333333333333333
40 0.7265625000000001 0.32291666666666663 0.22829861111111116 0.375
20 0.8333333333333335 0.4079861111111111 0.25086805555555547 0.3807870370370371
47 0.8489583333333333 0.7592592592592593 0.18142361111111116 0.3587962962962963
25 0.6792534722222223 0.7309027777777777 0.16666666666666674 0.3715277777777778
46 0.5447048611111112 0.6597222222222221 0.20138888888888906 0.35416666666666663
5 0.45659722222222227 0.6493055555555556 0.19704861111111105 0.3518518518518519
42 0.25434027777777785 0.6788194444444444 0.17621527777777782 0.3344907407407408
