21 0.20442708333333331 0.24247685185185186 0.1597222222222222 0.2997685185185185
37 0.3532986111111111 0.38078703703703703 0.1953124999999999 0.31712962962962965
14 0.43880208333333337 0.3090277777777778 0.21701388888888884 0.3310185185185185
24 0.5915798611111112 0.18750000000000003 0.16666666666666674 0.30324074074074076
23 0.6388888888888891 0.29571759259259256 0.16232638888888895 0.2997685185185185
47 0.78125 0.28935185185185186 0.16059027777777768 0.29861111111111116
1 0.8480902777777779 0.5688657407407407 0.17447916666666663 0.31134259259259267
2 0.7868923611111112 0.8350694444444444 0.15972222222222232 0.31365740740740733
3 0.625 0.8339120370370371 0.17100694444444453 0.2997685185185186
27 0.4427083333333333 0.8252314814814815 0.15711805555555547 0.3148148148148149
9 0.5885416666666667 0.5144675925925926 0.1762152777777779 0.29976851851851855
15 0.2387152777777778 0.6076388888888888 0.1640625 0.31018518518518523
