45 0.2646604938271604 0.12152777777777778 0.1975308641975308 0.16898148148148148
5 0.2793209876543209 0.2586805555555556 0.2638888888888888 0.11458333333333331
47 0.7546296296296295 0.14930555555555555 0.23919753086419748 0.10416666666666669
7 0.7746913580246914 0.26041666666666663 0.2669753086419753 0.10185185185185183
39 0.7430555555555554 0.4837962962962963 0.2530864197530863 0.12268518518518517
12 0.7561728395061729 0.615162037037037 0.31327160493827155 0.14236111111111116
17 0.3248456790123456 0.5590277777777778 0.28703703703703715 0.1203703703703703
16 0.2677469135802468 0.6417824074074073 0.308641975308642 0.1655092592592593
15 0.28549382716049376 0.8304398148148147 0.2978395061728395 0.16782407407407407
9 0.58179012345679 0.7847222222222221 0.273148148148148 0.13888888888888884
22 0.6751543209876543 0.9039351851851851 0.2993827160493826 0.17129629629629617
