19 0.5252367028682818 0.2858709273182957 0.1804279216559918 0.10181704260651628
13 0.624152975030168 0.27629838485101643 0.03364893715770911 0.08441241993873574
22 0.6508400631207649 0.26977165135059866 0.03945047804696933 0.0896338067390699
21 0.24406872678149277 0.35764416582235725 0.1780085556681301 0.07255783519081388
18 0.2574369582348306 0.4154265873015873 0.1266464032421479 0.059365501519756836
16 0.19200298322638754 0.47677093887200267 0.2265563435776201 0.1018448159405606
38 0.8709526070637181 0.35633733550400215 0.15347307013973677 0.05384276217609557
37 0.9147616786505677 0.4106040564373898 0.10316329760774212 0.061050061050061055
20 0.8860738027404695 0.4784374576041243 0.1605390494279385 0.08436779270112604
7 0.6076742187853299 0.5068426943426944 0.16788766788766796 0.10217406050739392
34 0.706456609234387 0.5146859313525981 0.03250350472572694 0.08521571021571034
26 0.6914767331433999 0.7516788766788767 0.15516890516890514 0.1017501017501018
25 0.7792361959028626 0.7371582892416226 0.02713336046669368 0.08288393705060382
11 0.804108442997332 0.7321767738434406 0.03448197892642346 0.07885632885632887
29 0.3353513770180437 0.701439763939764 0.20830506941618052 0.1259157509157508
46 0.449113643558088 0.724651505901506 0.03504725726947944 0.08881935965269294
42 0.4855740966852078 0.7164902998236332 0.04126531904309688 0.0886073802740468
