16 0.19043944738389182 0.1398533950617284 0.17146776406035663 0.09874706055261612
28 0.35517097785616303 0.15432098765432098 0.15922006662747407 0.07991622574955909
35 0.5275573192239859 0.1563877865961199 0.15615814226925329 0.07853835978835977
48 0.6925950421320791 0.13962375073486183 0.13962375073486166 0.08083480305702527
47 0.696881736233588 0.23033325984714875 0.135949441504997 0.07945693709582602
43 0.5410297864001568 0.23469650205761314 0.145135214579659 0.07348618459729567
30 0.36251959631589264 0.23400756907701348 0.16044483637076234 0.08037551440329213
41 0.20299333725259652 0.24296369782480892 0.1671810699588478 0.08083480305702528
20 0.22014011365863217 0.33068783068783064 0.16105722124240648 0.0789976484420929
18 0.37813541054281796 0.3146127278071722 0.15370860278267684 0.0771604938271605
5 0.5508279443464629 0.3247170781893004 0.14758475406623545 0.07991622574955909
40 0.6968817362335881 0.31920561434450323 0.15064667842445623 0.09828777189888294
9 0.7219895159709974 0.4239234273956496 0.16044483637076223 0.107473544973545
2 0.5499093670389967 0.40692974720752495 0.15309621791103278 0.08542768959435626
13 0.3793601802861062 0.3965957524985303 0.1586076817558299 0.08956128747795417
27 0.20881099353321575 0.4216269841269841 0.1628943758573388 0.08726484420928865
6 0.20238095238095238 0.5272633744855967 0.1561581422692534 0.07256760728982953
14 0.40906084656084657 0.5010839212228101 0.1579952968841858 0.08542768959435626
15 0.5740985694689399 0.5033803644914755 0.15615814226925334 0.09736919459141674
46 0.607473544973545 0.5890376984126984 0.1494219086811679 0.07394547325102885
48 0.22718253968253968 0.6108539094650205 0.16411914560062707 0.07991622574955903
19 0.4216147364295512 0.5908748530276308 0.16228199098569462 0.0831312463256908
12 0.4075298843817362 0.6753839653145208 0.16718106995884768 0.08404982363315705
22 0.5875710366451108 0.6882440476190477 0.15860768175582984 0.08680555555555547
10 0.21799676660787773 0.7132752792475014 0.18126592200666275 0.09093915343915349
3 0.3671124828532236 0.8212081128747795 0.17330491867528902 0.12492651381540265
39 0.5165343915343915 0.7713752939447384 0.1696306094454243 0.10793283362727801
8 0.6436042524005486 0.8393500146972368 0.1090045071526553 0.10976998824221051
23 0.8028243190280226 0.7828575102880658 0.09308250048990774 0.1015027924750147
