22 0.4155792124542125 0.2723405067155067 0.18887362637362642 0.10349893162393162
26 0.5182832214082214 0.2710288843101343 0.03179690679690672 0.09610615079365076
4 0.5542137260887261 0.26685554029304026 0.04070004070004063 0.09109813797313798
35 0.7411223036223036 0.2711576617826618 0.15949328449328448 0.09519993894993894
27 0.8368945868945868 0.26705586080586086 0.03815628815628824 0.08623321123321118
6 0.8732702482702482 0.260187728937729 0.04324379324379324 0.08318070818070816
38 0.8172713529856387 0.4906698790627362 0.16691861929957175 0.11314247921390769
28 0.5070546737213404 0.5405092592592593 0.17006802721088438 0.08621504157218435
1 0.6056311413454271 0.5423989040060468 0.028344671201814053 0.08385298563869992
9 0.6342907533383724 0.5438161375661376 0.025825144872763994 0.08621504157218429
41 0.189121945074326 0.46244331065759636 0.20754598135550517 0.10629251700680259
24 0.30423280423280424 0.4547666288737718 0.03968253968253965 0.0923563869992442
14 0.2707506613756614 0.7097284226190477 0.19262566137566134 0.11067708333333337
33 0.38421792328042326 0.6984126984126984 0.037615740740740755 0.09176587301587302
47 0.7659556878306878 0.7275545634920635 0.14715608465608465 0.0961061507936507
34 0.8930638227513228 0.7405753968253967 0.035962301587301515 0.0837053571428571
30 0.861441798941799 0.7351500496031746 0.023974867724867677 0.08029513888888895
13 0.5933779761904763 0.7836681547619048 0.15418320105820105 0.06510416666666674
31 0.519593253968254 0.8665984623015872 0.17609126984126977 0.1410590277777778
19 0.6016451719576719 0.839781746031746 0.11202050264550267 0.08184523809523814
