16 0.2900358773646445 0.0676098064796695 0.16715590345727335 0.09852685366383998
3 0.5525476552873814 0.0742348880191346 0.16670290642893382 0.08527669058490978
35 0.5828984561861275 0.1715726244835834 0.16851489454229185 0.09920634920634921
41 0.28890338479379574 0.2131917264622744 0.17938682322243965 0.10770004348771475
26 0.5616075958541712 0.28436888454011744 0.15220700152206995 0.08018047401609046
20 0.2852794085670798 0.3368599151989563 0.17848082916576066 0.10294357469015003
37 0.6109842719431761 0.3975048923679061 0.16398492425889688 0.09920634920634924
32 0.2739544828585925 0.4331784083496413 0.17485685293904477 0.10328332246140465
9 0.5002264985141698 0.5109806479669494 0.17802783213742113 0.1168732333115895
38 0.2678390229760093 0.5322148836703632 0.1734978618540263 0.09546912372254851
6 0.6406555772994129 0.6081485105457709 0.15175400449373044 0.07950097847358129
21 0.38561825034427777 0.6246262774516199 0.17621584402406315 0.11449499891280701
31 0.2198213379720229 0.7192460317460319 0.18618177864753205 0.11007827788649716
34 0.46987569761542364 0.75220156555773 0.18527578459085314 0.13114263970428364
24 0.6655704138580851 0.7430283757338552 0.16806189751395217 0.10939878234398781
11 0.28074943828368487 0.8441033376821048 0.1775748351090817 0.09139215046749294
42 0.5971678625788215 0.8974437377690803 0.16443792128723644 0.09003315938247436
18 0.31630970500833516 0.9380435964340075 0.17259186779734725 0.101244835833877
48 0.8558488612836439 0.3269280538302277 0.15959282263630092 0.11861628709454802
48 0.9493041177823784 0.6692977915804004 0.09633080285254192 0.1261645962732919
48 0.9018576029445593 0.7097351621808143 0.09920634920634919 0.11430296756383718
33 0.9186207311207311 0.8790471681096681 0.13077200577200576 0.13697240259740262
