5 0.22674742411584523 0.2704243247006405 0.18564930845632593 0.0987712336396547
40 0.33465608465608465 0.2601991088833194 0.04409171075837742 0.08963380673906987
33 0.5765803397382345 0.2656380534670008 0.1601225285435811 0.09703077137287663
39 0.6685347628330085 0.2643327067669173 0.037710015780191286 0.08832846003898634
41 0.6981226213682354 0.2662907268170426 0.02726724217952292 0.08441241993873572
32 0.3706256381694979 0.46600877192982454 0.17404622667780562 0.09224450013923702
35 0.468381602153532 0.45339042049568357 0.034229091246635035 0.08441241993873577
27 0.5026106934001671 0.4636156363130047 0.031908474890931016 0.08310707323865218
24 0.8576649958228906 0.41118421052631576 0.1142903555184257 0.053954330270119755
47 0.8800009282465424 0.4701423698134224 0.09746588693957114 0.06744291283764964
6 0.841130604288499 0.5251844890002784 0.1612828367214333 0.09746588693957114
31 0.26735821034066654 0.6837841130604287 0.19145084934558612 0.05787037037037035
3 0.2696788266963706 0.7351277499303814 0.16824468578854546 0.0517787524366472
28 0.25749559082892426 0.8088798384851015 0.2053745474798106 0.08267195767195756
12 0.653450756520932 0.8167119186856028 0.1479392926761347 0.08267195767195767
43 0.7427693833943834 0.8132058913308913 0.02798127798127803 0.07678952991452992
30 0.7712276149776148 0.8120135073260073 0.027663308913308926 0.07726648351648358
23 0.5641534391534392 0.6806795634920635 0.1560846560846561 0.11731150793650791
2 0.656415343915344 0.6525297619047619 0.03902116402116407 0.08531746031746035
15 0.691468253968254 0.6505456349206349 0.03835978835978837 0.08283730158730163
