5 0.34751616696061144 0.06636721046443268 0.19045169508132476 0.11528145208700763
48 0.7550582990397805 0.10127314814814814 0.16166960611405068 0.13549015285126392
23 0.5581765628061924 0.11688896237507349 0.17085537918871246 0.08956128747795417
36 0.3193464628649814 0.17613719870664313 0.19290123456790123 0.10793283362727805
45 0.5780790711346266 0.23974867724867724 0.1739173035469332 0.09828777189888299
38 0.3560895551636293 0.35732657260435036 0.19780031354105426 0.11757789535567309
4 0.5682809131883206 0.3821281599059376 0.17024299431706835 0.09093915343915343
11 0.36374436605918087 0.48133450911228687 0.1812659220066627 0.10288065843621397
16 0.6592200666274741 0.5040692974720753 0.19412600431118954 0.12630437977660203
12 0.5891019988242211 0.6154467960023515 0.18616500097981575 0.10747354497354489
3 0.3759920634920635 0.6494341563786008 0.19841269841269837 0.1157407407407407
42 0.25627082108563587 0.7392250881834215 0.20024985302763076 0.1116071428571429
21 0.6760606505976876 0.8193709582598471 0.19351361943954537 0.13319370958259857
35 0.3086297276112091 0.9070950911228688 0.21066039584558097 0.13686801881246324
